0	0	0	0	0	0	0	0	0	0	0	0	0	0	0	0	0	0	0	0	0	0	0	0	0	0	0	0	0	0	0	0	0	0	0	0	0	-0.975336581796881	-0.197797234416186	-0.562847570968671	-0.937867383669882	-0.772606467661674	0.162821041849568	0.456154960491688	0.390567310506299	-0.107008764998540	0.561754170324917	-0.158497307579765	0.370294059116119	0.415781650570665	-0.345330670178541	-0.477833040679016	-0.314817676324225	0.284282704126426	-0.132503380158013	-0.228914047410001	-0.134639449809761	0.0799312628036617	0.0387864281533723	0.0534361281826250	0.102985147790442	-0.0180440444834673	0.180173726953448	-0.132577260755028	-0.0230958077260439	0	0	0	0	0	0	0	0	0	0	0	0	0	0	0	0	0	0	0	0	0	0	0	0	0	0	0	0	0	0	0	0	0	0	0	0	0	0	0	0	0	0	0	0	0	0	0	0	0	0	0	0	0	0	0	-2.45464530289735	0.0607449517120529	-0.0255838454785362	-1.26301712028086	-0.371196224758563	-0.175457126134120	-1.44947161252566	-0.431770558970015	0.780352648522069	-2.60319344454206	0.224093942054537	2.23555750658468	0.319306555457985	-0.442623061164682	2.16650351185243	0.601604477611915	-0.523937957272551	2.02221832016400	-0.643310872110043	0.466758852794854	0.540737635352599	1.22261376938835	-0.653779265437464	0.508919959028390	0.483007389522925	0.129635937957232	0.0146965905765342	2.01744498097752	0	0	0	0	0	0	0	0	0	0	0	0	0	0	0	0	0	0


102.164000000000
43.3574000000000
43.2966000000000
44.1206000000000
45.8049000000000
48.6453000000000
55.4225000000000
63.2986000000000
74.0678000000000
87.9030000000000
156.976000000000
157.583000000000
155.938000000000
154.567000000000
151.705000000000
145.779000000000
137.517000000000
127.111000000000
115.486000000000
74.3331000000000
74.1556000000000
63.1025000000000
68.1763000000000
79.5924000000000
75.3788000000000
84.8857000000000
74.3735000000000
68.5695000000000
79.8884000000000
53.4929000000000
61.9332000000000
70.9990000000000
79.5913000000000
88.4089000000000
60.9408000000000
70.3731000000000
79.7978000000000
81.5014000000000
100.160000000000
91.2201000000000
87.0008000000000
92.3378000000000
110.346000000000
114.198000000000
107.199000000000
100.824000000000
119.780000000000
100.826000000000
94.8206000000000
86.6675000000000
91.0524000000000
105.964000000000
113.385000000000
110.272000000000
101.246000000000
93.5029000000000
89.6838000000000
92.3133000000000
99.9884000000000
107.582000000000
111.183000000000
108.385000000000
85.0227000000000
115.588000000000
100.056000000000
126.463000000000
126.044000000000
115.857000000000
120.180000000000
132.673000000000
125.529000000000
136.998000000000
125.480000000000
120.114000000000
131.356000000000
112.374000000000
122.014000000000
130.398000000000
138.839000000000
145.922000000000
121.538000000000
129.859000000000
139.827000000000


217.557000000000
126.796000000000
141.146000000000
153.988000000000
167.274000000000
179.750000000000
190.822000000000
201.487000000000
209.935000000000
214.221000000000
126.298000000000
139.775000000000
153.497000000000
166.358000000000
178.852000000000
191.238000000000
201.166000000000
209.144000000000
215.338000000000
129.854000000000
126.123000000000
126.269000000000
128.790000000000
129.493000000000
125.052000000000
128.820000000000
121.948000000000
123.006000000000
123.649000000000
114.690000000000
113.843000000000
112.749000000000
113.532000000000
113.700000000000
108.339000000000
106.717000000000
108.747000000000
182.688000000000
190.445000000000
182.585000000000
186.275000000000
189.559000000000
182.713000000000
186.427000000000
189.355000000000
182.710000000000
182.305000000000
181.355000000000
174.455000000000
177.909000000000
181.019000000000
174.303000000000
177.317000000000
181.281000000000
175.966000000000
127.810000000000
148.143000000000
163.395000000000
163.309000000000
128.099000000000
147.783000000000
163.128000000000
159.538000000000
159.583000000000
152.939000000000
130.050000000000
126.009000000000
128.872000000000
129.187000000000
128.422000000000
124.837000000000
126.512000000000
121.967000000000
123.507000000000
122.920000000000
112.803000000000
113.251000000000
112.842000000000
113.229000000000
114.712000000000
107.167000000000
105.698000000000
107.359000000000